7
4
154.784424,-114.411980,733.261597
142.867783,-106.638412,720.317505
129.592010,-119.147095,725.608826
141.361435,-126.792854,737.768494
9
-43.648823,-65.637581,604.115601
-26.685383,-68.043510,612.579163
-19.851183,-53.298431,603.246643
-36.699059,-50.934319,594.141296
14
40.286530,-169.128174,729.685669
47.885857,-154.628403,720.358887
30.875303,-152.233551,710.436462
23.654781,-166.600418,720.263794
19
-14.718485,-132.259094,673.553040
-24.080597,-122.038193,660.318420
-39.966137,-132.142380,662.661438
-30.224728,-142.705902,675.936890
24
50.746258,2.224211,585.995056
36.850864,8.071968,574.592712
25.507463,-4.934503,581.300903
39.616039,-11.127990,591.994141
29
133.939789,-2.421237,626.355896
135.834824,12.428507,614.483276
117.915138,10.145513,608.536194
115.935730,-4.714023,620.277344
34
164.939941,-38.758934,670.895447
164.129105,-53.251575,683.888184
182.270401,-49.856663,688.905273
182.636505,-35.248833,676.984558
