7.249588398260921
7.134582099903070
7.108145852720535
7.189054992968037
7.270144706341721
7.273217437694581
7.150770502009646
7.128995005161999
7.207099498981565
7.291292679559373
7.274230867012681
7.159381236118917
7.123293077865508
7.196330851981394
7.270449503533433
7.263005451111765
7.138123979874544
7.109995980211963
7.174503274941325
7.269578654414256
7.257078554459487
7.138343826588454
7.100102878086022
7.179854728156030
7.275922192605906
50.440441586545582
7.129768524085503
7.204049819517154
7.292406000394085
7.283493457300865
7.157308700592641
64.873560208509645
7.134107828642577
7.101925257933947
